59 102 1
111 133 1
136 17 1
3 212 1
17 102 1
136 59 1
136 171 1
3 79 1
133 145 1
131 143 1
136 143 1
50 208 1
59 125 1
169 16 1
212 60 1
133 143 1
125 17 1
59 17 1
136 102 1
131 125 0
111 143 0
143 16 0
131 59 0
111 169 0
212 208 0
143 169 0
111 17 0
131 133 0
131 17 0
143 125 0
1 110 0
2 34 0
3 111 0
5 8 1
6 33 0
6 195 0
7 123 1
8 36 0
8 107 0
9 35 1
9 101 0
9 133 0
9 161 1
10 125 0
10 169 0
10 203 0
11 103 0
11 123 0
12 115 1
12 190 0
14 110 1
15 55 1
16 160 0
18 21 0
18 158 0
19 23 1
20 72 0
20 86 0
22 205 0
24 172 0
28 96 0
28 123 0
29 123 0
30 34 1
30 84 0
30 125 0
31 59 1
31 154 1
32 52 1
32 96 0
32 148 0
32 174 0
33 184 0
34 136 1
35 99 1
36 180 0
36 206 0
38 35 0
38 105 1
40 0 0
41 26 0
42 35 0
42 48 1
44 162 0
44 176 0
44 221 0
47 123 0
49 91 0
51 3 0
51 100 0
52 57 1
52 193 0
53 43 0
53 136 0
53 144 1
53 165 0
54 138 0
54 173 0
54 217 0
55 194 1
56 3 0
56 82 0
56 103 0
56 180 1
56 186 0
58 167 0
60 205 0
62 126 0
62 132 0
62 205 1
63 101 0
66 123 1
66 155 0
67 204 1
68 58 0
68 162 0
69 21 1
69 124 0
69 148 0
70 136 1
71 210 0
72 219 0
73 3 0
73 42 0
73 58 0
74 155 0
74 206 1
75 7 0
75 77 0
76 39 0
78 78 1
79 187 0
81 78 0
81 213 1
83 113 0
83 146 0
84 184 0
85 76 1
85 85 1
85 89 1
86 140 0
90 115 1
90 129 1
91 66 0
91 224 1
92 20 0
92 102 0
93 217 0
94 16 0
95 70 0
95 169 0
96 53 0
97 92 0
98 87 0
99 33 1
99 38 0
99 75 0
99 170 0
100 85 1
101 176 0
103 159 0
104 11 1
105 65 0
107 146 0
108 161 0
111 3 0
111 38 0
111 165 1
112 109 0
112 143 0
113 22 0
114 217 0
115 183 1
116 8 0
117 155 0
119 77 0
119 178 1
120 3 0
120 21 1
120 201 1
121 106 1
121 172 1
121 205 1
125 63 0
127 16 0
127 22 0
128 79 0
129 52 1
129 129 1
130 113 0
130 122 0
130 129 0
131 204 1
133 24 0
134 61 0
135 180 0
136 130 0
137 211 1
139 5 0
140 34 0
140 84 0
140 175 1
141 212 1
145 218 0
147 93 1
149 67 0
149 181 0
151 34 0
151 56 1
151 150 1
154 24 1
155 132 0
155 159 0
160 159 0
161 48 1
161 196 0
162 77 0
162 103 0
162 165 0
165 203 0
166 148 0
166 196 1
166 208 1
167 87 1
167 166 1
167 211 0
169 145 0
169 203 0
170 66 1
172 152 0
173 82 0
173 117 0
174 69 0
174 87 0
175 99 0
176 101 0
176 172 0
176 175 0
178 185 0
180 92 1
180 188 1
181 63 0
182 36 0
182 73 1
184 31 1
184 141 0
185 184 0
185 215 0
186 108 0
186 124 1
186 169 0
187 0 0
189 106 0
191 155 0
192 163 0
193 65 1
194 192 0
195 85 0
196 146 1
197 121 0
198 54 0
199 83 0
199 135 0
199 170 0
200 4 0
200 148 0
201 135 0
202 152 0
202 164 1
205 109 0
205 159 0
205 161 1
207 77 0
207 109 0
207 144 1
207 172 0
208 184 1
208 212 0
209 114 1
209 163 0
209 171 0
210 74 0
210 157 0
210 197 0
210 207 0
211 16 0
211 55 1
213 108 0
214 148 1
216 0 0
216 17 0
216 80 0
216 104 0
217 96 0
218 66 1
218 124 0
222 28 0
223 6 0
223 102 1
223 210 1
